{
 "cells": [
  {
   "cell_type": "markdown",
   "metadata": {},
   "source": [
    "**Numerical Linear Algebra for Financial Engineering**\n",
    "\n",
    "**Homework 1**\n",
    "\n",
    "**Jose Ferreira**\n",
    "\n",
    "----------------\n",
    "**(1) Find the value of $x$ such that the matrix below has rank 3:**\n",
    "$$\n",
    "   \\begin{pmatrix} \n",
    "      x & 1 & 1 & 1 \\\\ \n",
    "      1 & x & 1 & 1 \\\\ \n",
    "      1 & 1 & x & 1 \\\\\n",
    "      1 & 1 & 1 & x \n",
    "   \\end{pmatrix}\n",
    "$$"
   ]
  },
  {
   "cell_type": "markdown",
   "metadata": {},
   "source": [
    "Let M be the matrix above. Calculate the determinant of M by applying row reducing operations until the matrix is upper triangular. \n",
    "For the rank to be 3 (or less), the determinant needs to be equal to zero.\n",
    "$$\n",
    "\\begin{align}\n",
    "det(M)=&\n",
    "   -\\begin{vmatrix} \n",
    "      1 & x & 1 & 1 \\\\ \n",
    "      x & 1 & 1 & 1 \\\\ \n",
    "      1 & 1 & x & 1 \\\\\n",
    "      1 & 1 & 1 & x \n",
    "   \\end{vmatrix} &[swap(r1,r2)]\\\\ \n",
    "=&\n",
    "   -\\begin{vmatrix} \n",
    "      1 & x & 1 & 1 \\\\ \n",
    "      0 & 1-x^2 & 1-x & 1-x \\\\ \n",
    "      1 & 1 & x & 1 \\\\\n",
    "      1 & 1 & 1 & x \n",
    "   \\end{vmatrix} &[r2 = r2 - x*r1]\\\\\n",
    "=&\n",
    "   -\\begin{vmatrix} \n",
    "      1 & x & 1 & 1 \\\\ \n",
    "      0 & 1-x^2 & 1-x & 1-x \\\\ \n",
    "      0 & 1-x & x-1 & 0 \\\\\n",
    "      1 & 1 & 1 & x \n",
    "   \\end{vmatrix} &[r3 = r3 - r1]\\\\\n",
    "=&\n",
    "   -\\begin{vmatrix} \n",
    "      1 & x & 1 & 1 \\\\ \n",
    "      0 & 1-x^2 & 1-x & 1-x \\\\ \n",
    "      0 & 1-x & x-1 & 0 \\\\\n",
    "      0 & 1-x & 0 & x-1 \n",
    "   \\end{vmatrix} &[r4 = r4 - r1]\\\\\n",
    "=&\n",
    "   -\\begin{vmatrix} \n",
    "      1 & x & 1 & 1 \\\\ \n",
    "      0 & 1-x^2 & 1-x & 1-x \\\\ \n",
    "      0 & 0 & \\frac{(x-1)(2+x)}{1+x} & \\frac{x-1}{1+x} \\\\\n",
    "      0 & 1-x & 0 & x-1 \n",
    "   \\end{vmatrix} &[r3 = r3 -\\frac{1-x}{1-x^2}*r2]\\\\   \n",
    "=&\n",
    "   -\\begin{vmatrix} \n",
    "      1 & x & 1 & 1 \\\\ \n",
    "      0 & 1-x^2 & 1-x & 1-x \\\\ \n",
    "      0 & 0 & \\frac{(x-1)(2+x)}{1+x} & \\frac{x-1}{1+x} \\\\\n",
    "      0 & 0 & \\frac{x-1}{1+x} & \\frac{(x-1)(2+x)}{1+x} \n",
    "   \\end{vmatrix} &[r4 = r4 -\\frac{1-x}{1-x^2}*r2]\\\\   \n",
    "=&\n",
    "   -\\begin{vmatrix} \n",
    "      1 & x & 1 & 1 \\\\ \n",
    "      0 & 1-x^2 & 1-x & 1-x \\\\ \n",
    "      0 & 0 & \\frac{(x-1)(2+x)}{1+x} & \\frac{x-1}{1+x} \\\\\n",
    "      0 & 0 & 0 & \\frac{(x-1)(3+x)}{2+x} \n",
    "   \\end{vmatrix} &[r4 = r4 -\\frac{1}{2+x}*r3]\\\\      \n",
    "=& -\\frac{(1-x^2)(x-1)(2+x)(x-1)(3+x)}{(1+x)(2+x)}\\\\\n",
    "=& (x-1)^3(3+x)\n",
    "\\end{align}\n",
    "$$"
   ]
  },
  {
   "cell_type": "markdown",
   "metadata": {},
   "source": [
    "Therefore, in order for the matrix to have a rank of 3 or less, $x$ must be $1$  or $-3$. If $x = 1$, the matrix is composed of only ones and its rank would be $1$. If $x = -3$:"
   ]
  },
  {
   "cell_type": "markdown",
   "metadata": {},
   "source": [
    "$$\n",
    "\\begin{align}\n",
    "M=&   \\begin{pmatrix} \n",
    "      -3 & 1 & 1 & 1 \\\\ \n",
    "      1 & -3 & 1 & 1 \\\\ \n",
    "      1 & 1 & -3 & 1 \\\\\n",
    "      1 & 1 & 1 & -3 \n",
    "   \\end{pmatrix}\\\\\n",
    "=&\n",
    "   \\begin{pmatrix} \n",
    "      1 & -3 & 1 & 1 \\\\ \n",
    "      -3 & 1 & 1 & 1 \\\\ \n",
    "      1 & 1 & -3 & 1 \\\\\n",
    "      1 & 1 & 1 & -3 \n",
    "   \\end{pmatrix} &[swap(r1,r2)]\\\\ \n",
    "=&\n",
    "   \\begin{pmatrix} \n",
    "      1 & -3 & 1 & 1 \\\\ \n",
    "      0 & -8 & 4 & 4 \\\\ \n",
    "      1 & 1 & -3 & 1 \\\\\n",
    "      1 & 1 & 1 & -3 \n",
    "   \\end{pmatrix} &[r2=r2+3r1]\\\\ \n",
    "=&\n",
    "   \\begin{pmatrix} \n",
    "      1 & -3 & 1 & 1 \\\\ \n",
    "      0 & -8 & 4 & 4 \\\\ \n",
    "      0 & 4 & -4 & 0 \\\\\n",
    "      1 & 1 & 1 & -3 \n",
    "   \\end{pmatrix} &[r3=r3-r1]\\\\ \n",
    "=&\n",
    "   \\begin{pmatrix} \n",
    "      1 & -3 & 1 & 1 \\\\ \n",
    "      0 & -8 & 4 & 4 \\\\ \n",
    "      0 & 4 & -4 & 0 \\\\\n",
    "      0 & 4 & 0 & -4 \n",
    "   \\end{pmatrix} &[r4=r4-r1]\\\\ \n",
    "=&\n",
    "   \\begin{pmatrix} \n",
    "      1 & -3 & 1 & 1 \\\\ \n",
    "      0 & -8 & 4 & 4 \\\\ \n",
    "      0 & 0 & -2 & 2 \\\\\n",
    "      0 & 4 & 0 & -4 \n",
    "   \\end{pmatrix} &[r3=r3+\\frac{1}{2}r2]\\\\\n",
    "=&\n",
    "   \\begin{pmatrix} \n",
    "      1 & -3 & 1 & 1 \\\\ \n",
    "      0 & -8 & 4 & 4 \\\\ \n",
    "      0 & 0 & -2 & 2 \\\\\n",
    "      0 & 0 & 2 & -2 \n",
    "   \\end{pmatrix} &[r4=r4+\\frac{1}{2}r2]\\\\   \n",
    "=&\n",
    "   \\begin{pmatrix} \n",
    "      1 & -3 & 1 & 1 \\\\ \n",
    "      0 & -8 & 4 & 4 \\\\ \n",
    "      0 & 0 & -2 & 2 \\\\\n",
    "      0 & 0 & 0 & 0 \n",
    "   \\end{pmatrix} &[r4=r4+r3]\\\\   \n",
    "\\iff& rank(M) = 3 \n",
    "\\end{align}\n",
    "$$"
   ]
  },
  {
   "cell_type": "markdown",
   "metadata": {},
   "source": [
    "-------------\n",
    "**(2) Show that the product of two symmetric matrices is not necessarily a symmetric matrix.\n",
    "Hint: Find 2x2 matrices $A$ and $B$ such that $A=A^t$, $B=B^t$, and $(AB)^t  \\neq AB$**"
   ]
  },
  {
   "cell_type": "markdown",
   "metadata": {},
   "source": [
    "By counterexample, let A and B be matrices of the form:\n",
    "    $$\n",
    "    A=\\begin{pmatrix} \n",
    "      a & a \\\\ \n",
    "      a & -a\n",
    "   \\end{pmatrix}\\\\\n",
    "   B=\\begin{pmatrix} \n",
    "      0 & a \\\\ \n",
    "      a & -a\n",
    "   \\end{pmatrix}\\\\\n",
    "    $$"
   ]
  },
  {
   "cell_type": "markdown",
   "metadata": {},
   "source": [
    "Both A and B are symmetric matrices but:\n",
    "$$\n",
    "AB=\\begin{pmatrix} \n",
    "      a^2 & 0 \\\\ \n",
    "      -a^2 & 2a^2\n",
    "   \\end{pmatrix}\\\\\n",
    "$$\n",
    "is not symmetric"
   ]
  },
  {
   "cell_type": "markdown",
   "metadata": {},
   "source": [
    "---------------\n",
    "**(3) Let $A$ be a square matrix of size n. Show that $AD=DA$ for any diagonal matrix D of size n if and only if $A$ is a diagonal matrix.**"
   ]
  },
  {
   "cell_type": "markdown",
   "metadata": {},
   "source": [
    "Let $D = diag(d_{k})_{k=1:n}$ and $A = col(a_{k})_{k=1:n}$, then $AD = col(a_{k}d_{k}) \\iff (AD)(j,k) = d_{k}A(j,k)$\n",
    "\n",
    "Also, if $A = row(r_{j})_{j=1:n}$, then $DA = row(d_{j}r_{j})_{j=1:n} \\iff (DA)(j,k) = d_{j}A(j,k)$\n",
    "\n",
    "Assuming all the diagonal entries in D are distinct: \n",
    "\n",
    "$$\n",
    "\\begin{align}\n",
    "AD = DA \n",
    "\\iff& d_{k}A(j,k) = d_{j}A(j,k)\\\\ \n",
    "\\iff& (d_{k} - d_{j})A(j,k) = 0, \\forall 1\\leq j \\neq k \\leq n\\\\\n",
    "\\iff& A(j,k) = 0, \\forall 1\\leq j \\neq k \\leq n\\\\\n",
    "\\iff& A = diag(a_{k})_{k=1:n}\n",
    "\\end{align}\n",
    "$$\n",
    "\n",
    "If the diagonal entries of D are not all distinct, some non-diagonal entries of A could be non-zero and the commutative property will also be preserved."
   ]
  },
  {
   "cell_type": "markdown",
   "metadata": {},
   "source": [
    "-------------\n",
    "**(4) Let $M_1$, $M_2$, $M_3$ and $M_4$ be square matrices of the same size such that $M_1M_2M_3M_4 = I$.\n",
    "Show that\n",
    "$$M_1M_2M_3M_4 = M_2M_3M_4M_1 = M_3M_4M_1M_2 = M_4M_1M_2M_3 = I$$**"
   ]
  },
  {
   "cell_type": "markdown",
   "metadata": {},
   "source": [
    "$$\n",
    "\\begin{align}\n",
    "M_1M_2M_3M_4 = I \\implies& M_1(M_2M_3M_4) = I\\\\\n",
    "\\implies& (M_2M_3M_4) = M_1^{-1}\\\\\n",
    "\\implies& (M_2M_3M_4)M_1 = M_2M_3M_4M_1 = M_1^{-1}M_1 = I\\\\\n",
    "\\end{align}\n",
    "$$\n",
    "\n",
    "$$\n",
    "\\begin{align}\n",
    "M_1M_2M_3M_4 = I \\implies& (M_1M_2)(M_3M_4) = I\\\\\n",
    "\\implies& (M_3M_4) = (M_1M_2)^{-1}\\\\\n",
    "\\implies& (M_3M_4)(M_1M_2) = M_3M_4M_1M_2 = (M_1M_2)^{-1}(M_1M_2) = I\\\\\n",
    "\\end{align}\n",
    "$$\n",
    "\n",
    "$$\n",
    "\\begin{align}\n",
    "M_1M_2M_3M_4 = I \\implies& (M_1M_2M_3)M_4 = I\\\\\n",
    "\\implies& M_4 = (M_1M_2M_3)^{-1}\\\\\n",
    "\\implies& (M_4)(M_1M_2M_3) = M_4M_1M_2M_3 = (M_1M_2M_3)^{-1}(M_1M_2M_3) = I\\\\\n",
    "\\end{align}\n",
    "$$"
   ]
  },
  {
   "cell_type": "markdown",
   "metadata": {},
   "source": [
    "---------\n",
    "**(5) If A is a nonsingular matrix, show that\n",
    "$$(I+A)^{-1} = I - (I+A^{-1})^{-1}$$**"
   ]
  },
  {
   "cell_type": "markdown",
   "metadata": {},
   "source": [
    "$$\n",
    "\\begin{align}\n",
    "(I+A)^{-1} = I - (I+A^{-1})^{-1}\\\\ \n",
    "\\implies& (I - (I+A^{-1})^{-1})(I+A) = I &\\text{[def. inverse matrix]}\\\\\n",
    "\\implies& I - (I+A^{-1})^{-1} + A - (I+A^{-1})^{-1}A = I &\\text{[distributive property]}\\\\\n",
    "\\implies& I - A[(I+A^{-1})^{-1}A^{-1} + I - (I+A^{-1})^{-1}] = I &\\text{[factor A]}\\\\\n",
    "\\implies& I - A[(I+A^{-1})^{-1}(I+A^{-1}) - I] = I &\\text{[factor } (I+A)^{-1} \\text{]} \\\\\n",
    "\\implies& I - A[I - I] = I &\\text{[simplify]} \\\\\n",
    "\\implies& I = I &\\text{[simplify]} \\\\\n",
    "\\implies& TRUE \\\\\n",
    "\\end{align}\n",
    "$$"
   ]
  },
  {
   "cell_type": "markdown",
   "metadata": {},
   "source": [
    "-------------\n",
    "**(6) Show that the $n \\times n$ matrix $A$ has rank 1 if and only if there exists an $n \\times 1$ nonzero vector $v$ such that $A=vv^t$** "
   ]
  },
  {
   "cell_type": "markdown",
   "metadata": {},
   "source": [
    "If $A=vv^t$, all rows are a linear combination of vector $v$ and, therefore, $rank(A) = 1$. Also, note that a vector has by definition a rank equal to 1, multiplying two vectors must result in a matrix of rank equal to 1. \n",
    "\n",
    "$$\n",
    "\\begin{align}\n",
    "A=vv^t =& (vv^t)(j,k) = v_{j}v^t_{k}, \\forall j =1:n, k=1:n\\\\\n",
    "\\implies& Ax = (v_{j}row(r_{j}))x, \\forall j =1:n\\\\\n",
    "\\implies& Ax = v_{j}(row(r_{j})x), \\forall j =1:n\\\\\n",
    "\\implies& \\text{All rows are linearly dependent}\\\\\n",
    "\\implies& rank(A) = 1\n",
    "\\end{align}\n",
    "$$\n",
    "\n",
    "If $rank(A) = 1$, there exists exactly one eigenvector $v$ such that $Av = \\lambda v$ and, assuming $v$ is a nonzero vector, the matrix can be expressed as $A = vv^t$ since any vector $w$ such that $A = vw^t$ (possible since rank(A) = 1) can be written as $w = \\lambda v$ if  $\\vert\\vert{v}\\vert\\vert=\\sqrt{\\lambda}$.      \n",
    "\n",
    "$$\n",
    "\\begin{align}\n",
    "rank(A) = 1\\\\\n",
    "\\implies& Au = kv, \\forall u \\in \\mathbb R^n \\\\\n",
    "\\implies& A = v(col(w_{k})), \\forall k =1:n\\\\\n",
    "\\implies& A = vw^t\\\\    \n",
    "\\implies& A = v_*(v_*^t), v_*=\\sqrt{\\lambda}v \\text{ since } Av = \\lambda v\\\\\n",
    "\\end{align}\n",
    "$$\n"
   ]
  },
  {
   "cell_type": "markdown",
   "metadata": {},
   "source": [
    "-------------\n",
    "**(7) Let $x$ and $y$ be column vectors of size $n$, and let $I$ be the identity matrix of size $n$. Show that the matrix $I - xy^t$ is nonsingular if and only if $y^tx \\neq 1$.**"
   ]
  },
  {
   "cell_type": "markdown",
   "metadata": {},
   "source": [
    "Let $A = (I-xy^t)$ and assume $y^tx \\neq 1$:\n",
    "\n",
    "$$\n",
    "\\begin{align}\n",
    "(I-xy^t)A^{-1} = I\\\\\n",
    "\\implies& A^{-1} - xy^tA^{-1} = I\\\\\n",
    "\\implies& y^tA^{-1} - y^txy^tA^{-1} = y^t &\\text{[multiply by $y^t$]}\\\\\n",
    "\\implies& (1 - y^tx)(y^tA^-1) = y^t\\\\\n",
    "\\implies& (1 - y^tx)(y^tA^-1) = y^t\\\\\n",
    "\\implies& A^-1 = I + \\frac{xy^t}{(1 - y^tx)}\\\\\n",
    "\\end{align}\n",
    "$$\n",
    "Since $y^tx \\neq 1$, the inverse of matrix A is well defined.  \n",
    "If $y^tx = 1$, the inverse does not exist.\n",
    "\n",
    "Furthermore, assuming $y^tx = 1$:\n",
    "$$\n",
    "\\begin{align}\n",
    "(I-xy^t)x =& x - xy^tx\\\\\n",
    "=& x - x(y^tx)\\\\\n",
    "=&0\\\\\n",
    "\\implies& \\text{The matrix is singular if $y^tx = 1$}\n",
    "\\end{align}\n",
    "$$\n",
    "\n",
    "Therefore, $I - xy^t$ is nonsingular $\\iff y^tx \\neq 1$  "
   ]
  },
  {
   "cell_type": "markdown",
   "metadata": {},
   "source": [
    "---------------\n",
    "**(8) The covariance matrix of five random variables is\n",
    "$$\n",
    "\\Sigma =\n",
    "\\begin{pmatrix} \n",
    "      1 & -0.525 & 1.375 & -0.075 & -0.75 \\\\ \n",
    "      -0.525 & 4 & 0.1875 & 0.1875 & -0.675 \\\\ \n",
    "      1.375 & 0.1875 & 12.25 & 0.4375 & -1.875 \\\\ \n",
    "      -0.075 & 0.1875 & 0.4375 & 6.25 & 0.3 \\\\ \n",
    "      -0.75 & -0.675 & -1.875 & 0.3 & 4.41\n",
    "   \\end{pmatrix}\\\\\n",
    "$$\n",
    "Find the correlation matrix of these random variables.** "
   ]
  },
  {
   "cell_type": "markdown",
   "metadata": {},
   "source": [
    "The correlation matrix $\\Omega$ is given by\n",
    "$$\\Omega = (D_{\\sigma})^{-1}\\Sigma(D_{\\sigma})^{-1}$$ \n",
    "where $D_{\\sigma}$ is the diagonal matrix with diagonal values equivalent to the standard deviations of each random variable $X_{i}$  \n",
    "In this case, \n",
    "$$\n",
    "\\begin{align}\n",
    "D_{\\sigma} =& \n",
    "\\begin{pmatrix} \n",
    "      \\sqrt{1} & 0 & 0 & 0 & 0 \\\\ \n",
    "      0 & \\sqrt{4} & 0 & 0 & 0 \\\\ \n",
    "      0 & 0 & \\sqrt{12.25} & 0 & 0 \\\\ \n",
    "      0 & 0 & 0 & \\sqrt{6.25} & 0 \\\\ \n",
    "      0 & 0 & 0 & 0 & \\sqrt{4.41}\n",
    "   \\end{pmatrix}\\\\\n",
    "=& \n",
    "\\begin{pmatrix} \n",
    "      1 & 0 & 0 & 0 & 0 \\\\ \n",
    "      0 & 2 & 0 & 0 & 0 \\\\ \n",
    "      0 & 0 & 3.5 & 0 & 0 \\\\ \n",
    "      0 & 0 & 0 & 2.5 & 0 \\\\ \n",
    "      0 & 0 & 0 & 0 & 2.1\n",
    "\\end{pmatrix}\\\\\n",
    "\\end{align}\n",
    "$$\n",
    "\n",
    "$$\n",
    "\\begin{align}\n",
    "(D_{\\sigma})^{-1} \n",
    "=& diag\\left(\\frac{1}{d_{k}}\\right)_{k=1:n}\\\\\n",
    "=& \n",
    "\\begin{pmatrix} \n",
    "      1 & 0 & 0 & 0 & 0 \\\\ \n",
    "      0 & \\frac{1}{2} & 0 & 0 & 0 \\\\ \n",
    "      0 & 0 & \\frac{2}{7} & 0 & 0 \\\\ \n",
    "      0 & 0 & 0 & \\frac{2}{5} & 0 \\\\ \n",
    "      0 & 0 & 0 & 0 & \\frac{10}{21}\n",
    "\\end{pmatrix}\\\\\n",
    "\\end{align}\n",
    "$$"
   ]
  },
  {
   "cell_type": "code",
   "execution_count": 88,
   "metadata": {},
   "outputs": [
    {
     "data": {
      "text/plain": [
       "5×5 Array{Float64,2}:\n",
       "  1.0       -0.2625      0.392857   -0.03       -0.357143 \n",
       " -0.2625     1.0         0.0267857   0.0375     -0.160714 \n",
       "  0.392857   0.0267857   1.0         0.05       -0.255102 \n",
       " -0.03       0.0375      0.05        1.0         0.0571429\n",
       " -0.357143  -0.160714   -0.255102    0.0571429   1.0      "
      ]
     },
     "execution_count": 88,
     "metadata": {},
     "output_type": "execute_result"
    }
   ],
   "source": [
    "sigma = [1 -0.525 1.375 -0.075 -0.75; \n",
    "         -0.525 4 0.1875 0.1875 -0.675;\n",
    "         1.375 0.1875 12.25 0.4375 -1.875;\n",
    "         -0.075 0.1875 0.4375 6.25 0.3;\n",
    "         -0.75 -0.675 -1.875 0.3 4.41]\n",
    "d_sigma_inverse = inv(Diagonal([sqrt(sigma[1,1]); \n",
    "                                sqrt(sigma[2,2]);\n",
    "                                sqrt(sigma[3,3]);\n",
    "                                sqrt(sigma[4,4]);\n",
    "                                sqrt(sigma[5,5])]))\n",
    "omega = d_sigma_inverse*sigma*d_sigma_inverse"
   ]
  },
  {
   "cell_type": "markdown",
   "metadata": {},
   "source": [
    "$$\n",
    "\\begin{align}\n",
    "\\Omega\n",
    "=& \n",
    "\\begin{pmatrix} \n",
    "1.0 & -0.2625 & 0.392857 & -0.03 & -0.357143 \\\\ \n",
    "-0.2625 & 1.0 & 0.0267857 & 0.0375 & -0.160714 \\\\\n",
    "0.392857 & 0.0267857 & 1.0 & 0.05 & -0.255102 \\\\\n",
    "-0.03 & 0.0375 & 0.05 & 1.0 & 0.0571429 \\\\\n",
    "-0.357143 & -0.160714 & -0.255102 & 0.0571429 & 1.0 \\end{pmatrix}\\\\\n",
    "\\end{align}\n",
    "$$\n"
   ]
  },
  {
   "cell_type": "markdown",
   "metadata": {},
   "source": [
    "----------\n",
    "**(9) The correlation matrix of five random variables is\n",
    "$$\n",
    "\\begin{align}\n",
    "\\Omega\n",
    "=& \n",
    "\\begin{pmatrix} \n",
    "1 & -0.25 & 0.15 & -0.05 & -0.3 \\\\ \n",
    "-0.25 & 1 & -0.1 & -0.25 & 0.1\\\\\n",
    "0.15 & -0.1 & 1 & 0.2 & 0.05 \\\\\n",
    "-0.05 & -0.25 & 0.2 & 1 & 0.1 \\\\\n",
    "-0.3 & 0.1 & 0.05 & 0.1 & 1   \n",
    "\\end{pmatrix}\\\\\n",
    "\\end{align}\n",
    "$$\n",
    "(i) Compute the covariance matrix of these random variables if their standard deviations are 0.1, 0.2, 0.5, 1 and 2, in this order.**"
   ]
  },
  {
   "cell_type": "markdown",
   "metadata": {},
   "source": [
    "The covariance matrix, $\\Sigma$ is given by the expression $$\\Sigma = D_{\\sigma}\\Omega D_{\\sigma}$$ where \n",
    "$$\n",
    "\\begin{align}\n",
    "D_{\\sigma} =& diag\\left(\\sigma_{k}\\right)_{k=1:n}\\\\\n",
    "=&\n",
    "\\begin{pmatrix} \n",
    "      0.1 & 0 & 0 & 0 & 0 \\\\ \n",
    "      0 & 0.2 & 0 & 0 & 0 \\\\ \n",
    "      0 & 0 & 0.5 & 0 & 0 \\\\ \n",
    "      0 & 0 & 0 & 1 & 0 \\\\ \n",
    "      0 & 0 & 0 & 0 & 2\n",
    "\\end{pmatrix}\\\\\n",
    "\\end{align}\n",
    "$$ \n"
   ]
  },
  {
   "cell_type": "code",
   "execution_count": 8,
   "metadata": {},
   "outputs": [
    {
     "data": {
      "text/plain": [
       "5×5 Array{Float64,2}:\n",
       "  0.01    -0.005   0.0075  -0.005  -0.06\n",
       " -0.005    0.04   -0.01    -0.05    0.04\n",
       "  0.0075  -0.01    0.25     0.1     0.05\n",
       " -0.005   -0.05    0.1      1.0     0.2 \n",
       " -0.06     0.04    0.05     0.2     4.0 "
      ]
     },
     "execution_count": 8,
     "metadata": {},
     "output_type": "execute_result"
    }
   ],
   "source": [
    "omega = [1 -0.25 0.15 -0.05 -0.3; \n",
    "         -0.25 1 -0.1 -0.25 0.1;\n",
    "         0.15 -0.1 1 0.2 0.05;\n",
    "         -0.05 -0.25 0.2 1 0.1;\n",
    "         -0.3 0.1 0.05 0.1 1]\n",
    "d_sigma = Diagonal([0.1; 0.2; 0.5; 1; 2])\n",
    "sigma = d_sigma*omega*d_sigma"
   ]
  },
  {
   "cell_type": "markdown",
   "metadata": {},
   "source": [
    "$$\n",
    "\\Sigma =\n",
    "\\begin{pmatrix} \n",
    "      0.01 & -0.005 & 0.0075 & -0.005 & -0.06 \\\\ \n",
    "      -0.005 & 0.04 & -0.01 & -0.05 & 0.04 \\\\ \n",
    "      0.0075 & -0.01 & 0.25 & 0.1 & 0.05 \\\\ \n",
    "      -0.005 & -0.05 & 0.1 & 1 & 0.2 \\\\ \n",
    "      -0.06 & 0.04 & 0.05 & 0.2 & 4\n",
    "   \\end{pmatrix}\\\\\n",
    "$$"
   ]
  },
  {
   "cell_type": "markdown",
   "metadata": {},
   "source": [
    "**(ii) Compute the covariance matrix of these random variables if their standard deviations are 2, 1, 0.5, 0.2, and 0.1, in this order.**"
   ]
  },
  {
   "cell_type": "code",
   "execution_count": 9,
   "metadata": {},
   "outputs": [
    {
     "data": {
      "text/plain": [
       "5×5 Array{Float64,2}:\n",
       "  4.0   -0.5    0.15    -0.02   -0.06  \n",
       " -0.5    1.0   -0.05    -0.05    0.01  \n",
       "  0.15  -0.05   0.25     0.02    0.0025\n",
       " -0.02  -0.05   0.02     0.04    0.002 \n",
       " -0.06   0.01   0.0025   0.002   0.01  "
      ]
     },
     "execution_count": 9,
     "metadata": {},
     "output_type": "execute_result"
    }
   ],
   "source": [
    "omega = [1 -0.25 0.15 -0.05 -0.3; \n",
    "         -0.25 1 -0.1 -0.25 0.1;\n",
    "         0.15 -0.1 1 0.2 0.05;\n",
    "         -0.05 -0.25 0.2 1 0.1;\n",
    "         -0.3 0.1 0.05 0.1 1]\n",
    "d_sigma = Diagonal([2; 1; 0.5; 0.2; 0.1])\n",
    "sigma = d_sigma*omega*d_sigma"
   ]
  },
  {
   "cell_type": "markdown",
   "metadata": {},
   "source": [
    "$$\n",
    "\\Sigma =\n",
    "\\begin{pmatrix} \n",
    "      4 & -0.5 & 0.15 & -0.02 & -0.06 \\\\ \n",
    "      -0.5 & 1 & -0.05 & -0.05 & 0.01 \\\\ \n",
    "      0.15 & -0.05 & 0.25 & 0.2 & 0.0025 \\\\ \n",
    "      -0.02 & -0.05 & 0.02 & 0.04 & 0.002 \\\\ \n",
    "      -0.06 & 0.01 & 0.0025 & 0.002 & 0.01\n",
    "   \\end{pmatrix}\\\\\n",
    "$$"
   ]
  },
  {
   "cell_type": "markdown",
   "metadata": {},
   "source": [
    "------------\n",
    "**(10) The file *indeces-close-jan3-jan31-2017.xslx* contains the January 3, 2017 - January 31, 2017 end of day values of Dow Jones, Nasdaq, and S&P 500.**\n",
    "\n",
    "**(i) Compute the log daily returns of the three indices over the given time period.** "
   ]
  },
  {
   "cell_type": "markdown",
   "metadata": {},
   "source": [
    "The log returns for each index are calculated as the difference between the natural logarithm of the (i+1)-th period and the i-th period."
   ]
  },
  {
   "cell_type": "code",
   "execution_count": 49,
   "metadata": {},
   "outputs": [],
   "source": [
    "using ExcelReaders\n",
    "using DataFrames\n",
    "\n",
    "df = readxlsheet(DataFrame, \"indeces-close-jan3-jan31-2017.xlsx\", \"201701_Indices\");"
   ]
  },
  {
   "cell_type": "code",
   "execution_count": 22,
   "metadata": {},
   "outputs": [
    {
     "data": {
      "text/plain": [
       "19-element DataArrays.DataArray{Float64,1}:\n",
       "  0.00303337 \n",
       " -0.00215209 \n",
       "  0.00323667 \n",
       " -0.00383527 \n",
       " -0.00160288 \n",
       "  0.0049611  \n",
       " -0.00317625 \n",
       " -0.000264955\n",
       " -0.00296939 \n",
       " -0.00111269 \n",
       " -0.00365835 \n",
       "  0.00479528 \n",
       " -0.00138291 \n",
       "  0.00568393 \n",
       "  0.00779364 \n",
       "  0.00161319 \n",
       " -0.000354816\n",
       " -0.00612251 \n",
       " -0.0053742  "
      ]
     },
     "execution_count": 22,
     "metadata": {},
     "output_type": "execute_result"
    }
   ],
   "source": [
    "dow_log_returns = diff(log(df[:DOW]))"
   ]
  },
  {
   "cell_type": "code",
   "execution_count": 13,
   "metadata": {},
   "outputs": [
    {
     "data": {
      "text/plain": [
       "19-element DataArrays.DataArray{Float64,1}:\n",
       "  0.0087878  \n",
       "  0.00199544 \n",
       "  0.00601693 \n",
       "  0.00194696 \n",
       "  0.00360893 \n",
       "  0.00212858 \n",
       " -0.00290873 \n",
       "  0.00478886 \n",
       " -0.00636925 \n",
       "  0.00305018 \n",
       " -0.00280646 \n",
       "  0.00274889 \n",
       " -0.000430335\n",
       "  0.0086105  \n",
       "  0.00983901 \n",
       " -0.000205042\n",
       "  0.000989684\n",
       " -0.00834984 \n",
       "  0.000192382"
      ]
     },
     "execution_count": 13,
     "metadata": {},
     "output_type": "execute_result"
    }
   ],
   "source": [
    "nasdaq_log_returns = diff(log(df[:NASDAQ]))"
   ]
  },
  {
   "cell_type": "code",
   "execution_count": 23,
   "metadata": {},
   "outputs": [
    {
     "data": {
      "text/plain": [
       "19-element DataArrays.DataArray{Float64,1}:\n",
       "  0.00570596 \n",
       " -0.000770968\n",
       "  0.00351079 \n",
       " -0.00355491 \n",
       "  0.0        \n",
       "  0.00282564 \n",
       " -0.00214711 \n",
       "  0.00184813 \n",
       " -0.00297191 \n",
       "  0.0017622  \n",
       " -0.00361584 \n",
       "  0.00336058 \n",
       " -0.00269375 \n",
       "  0.00654314 \n",
       "  0.00799405 \n",
       " -0.000735655\n",
       " -0.00086684 \n",
       " -0.00602767 \n",
       " -0.000890302"
      ]
     },
     "execution_count": 23,
     "metadata": {},
     "output_type": "execute_result"
    }
   ],
   "source": [
    "sp_log_returns = diff(log(df[:SP500]))"
   ]
  },
  {
   "cell_type": "markdown",
   "metadata": {},
   "source": [
    "**(ii) Compute the sample covariance matrix of the log daily returns of the three indices over the given time period.**"
   ]
  },
  {
   "cell_type": "markdown",
   "metadata": {},
   "source": [
    "We construct the normalized matrix $T_{x}$ by substracting the mean from the log returns vectors and calculate the covariance matrix using formula (1.35) in the textbook: $$\\Sigma_{x} = \\frac{1}{N-1}(T_{x})^tT_{x}$$"
   ]
  },
  {
   "cell_type": "code",
   "execution_count": 31,
   "metadata": {},
   "outputs": [
    {
     "data": {
      "text/plain": [
       "3×3 DataArrays.DataArray{Float64,2}:\n",
       " 0.00544932  0.00500235  0.00465467\n",
       " 0.00500235  0.00793864  0.00563904\n",
       " 0.00465467  0.00563904  0.0049076 "
      ]
     },
     "execution_count": 31,
     "metadata": {},
     "output_type": "execute_result"
    }
   ],
   "source": [
    "dow_norm_log_returns = dow_log_returns - mean(dow_log_returns)\n",
    "nasdaq_norm_log_returns = nasdaq_log_returns - mean(nasdaq_log_returns)\n",
    "sp_norm_log_returns = sp_log_returns - mean(sp_log_returns)\n",
    "T_norm = hcat(dow_norm_log_returns,nasdaq_norm_log_returns,sp_norm_log_returns)\n",
    "sigma = size(T_norm,1)*transpose(T_norm)*T_norm"
   ]
  },
  {
   "cell_type": "markdown",
   "metadata": {},
   "source": [
    "**(iii) Compute the percentage daily returns of the three indices over the given time period.**"
   ]
  },
  {
   "cell_type": "markdown",
   "metadata": {},
   "source": [
    "The percentage daily returns are calculated as $\\frac{S_{i+1}-S_{i}}{S_{i}}, \\forall i=2:n$ "
   ]
  },
  {
   "cell_type": "code",
   "execution_count": 45,
   "metadata": {},
   "outputs": [
    {
     "data": {
      "text/plain": [
       "19-element DataArrays.DataArray{Float64,1}:\n",
       "  0.00302878 \n",
       " -0.0021544  \n",
       "  0.00323143 \n",
       " -0.00384263 \n",
       " -0.00160417 \n",
       "  0.00494881 \n",
       " -0.0031813  \n",
       " -0.000264991\n",
       " -0.0029738  \n",
       " -0.00111331 \n",
       " -0.00366505 \n",
       "  0.0047838  \n",
       " -0.00138387 \n",
       "  0.0056678  \n",
       "  0.00776335 \n",
       "  0.00161189 \n",
       " -0.000354879\n",
       " -0.00614129 \n",
       " -0.00538867 "
      ]
     },
     "execution_count": 45,
     "metadata": {},
     "output_type": "execute_result"
    }
   ],
   "source": [
    "dow_returns = diff(df[:DOW])./df[2:end,:DOW]"
   ]
  },
  {
   "cell_type": "code",
   "execution_count": 46,
   "metadata": {},
   "outputs": [
    {
     "data": {
      "text/plain": [
       "19-element DataArrays.DataArray{Float64,1}:\n",
       "  0.0087493  \n",
       "  0.00199345 \n",
       "  0.00599887 \n",
       "  0.00194507 \n",
       "  0.00360242 \n",
       "  0.00212632 \n",
       " -0.00291297 \n",
       "  0.00477741 \n",
       " -0.00638958 \n",
       "  0.00304553 \n",
       " -0.0028104  \n",
       "  0.00274511 \n",
       " -0.000430427\n",
       "  0.00857353 \n",
       "  0.00979076 \n",
       " -0.000205063\n",
       "  0.000989194\n",
       " -0.0083848  \n",
       "  0.000192363"
      ]
     },
     "execution_count": 46,
     "metadata": {},
     "output_type": "execute_result"
    }
   ],
   "source": [
    "nasdaq_returns = diff(df[:NASDAQ])./df[2:end,:NASDAQ]"
   ]
  },
  {
   "cell_type": "code",
   "execution_count": 47,
   "metadata": {},
   "outputs": [
    {
     "data": {
      "text/plain": [
       "19-element DataArrays.DataArray{Float64,1}:\n",
       "  0.00568972 \n",
       " -0.000771265\n",
       "  0.00350463 \n",
       " -0.00356123 \n",
       "  0.0        \n",
       "  0.00282165 \n",
       " -0.00214942 \n",
       "  0.00184643 \n",
       " -0.00297633 \n",
       "  0.00176065 \n",
       " -0.00362238 \n",
       "  0.00335494 \n",
       " -0.00269738 \n",
       "  0.00652178 \n",
       "  0.00796219 \n",
       " -0.000735925\n",
       " -0.000867216\n",
       " -0.00604588 \n",
       " -0.000890698"
      ]
     },
     "execution_count": 47,
     "metadata": {},
     "output_type": "execute_result"
    }
   ],
   "source": [
    "sp_returns = diff(df[:SP500])./df[2:end,:SP500]"
   ]
  },
  {
   "cell_type": "markdown",
   "metadata": {},
   "source": [
    "**(iv) Compute the sample covariance matrix of the percentage daily returns of the three indices over the given time period.**"
   ]
  },
  {
   "cell_type": "markdown",
   "metadata": {},
   "source": [
    "In the same way as in point (ii), we construct the normalized matrix $T_{x}$ and calculate the covariance matrix using formula (1.35) in the textbook."
   ]
  },
  {
   "cell_type": "code",
   "execution_count": 48,
   "metadata": {},
   "outputs": [
    {
     "data": {
      "text/plain": [
       "3×3 DataArrays.DataArray{Float64,2}:\n",
       " 0.00544175  0.00499114  0.00464533\n",
       " 0.00499114  0.00792014  0.00562336\n",
       " 0.00464533  0.00562336  0.00489637"
      ]
     },
     "execution_count": 48,
     "metadata": {},
     "output_type": "execute_result"
    }
   ],
   "source": [
    "dow_norm_returns = dow_returns - mean(dow_returns)\n",
    "nasdaq_norm_returns = nasdaq_returns - mean(nasdaq_returns)\n",
    "sp_norm_returns = sp_returns - mean(sp_returns)\n",
    "T_norm_2 = hcat(dow_norm_returns,nasdaq_norm_returns,sp_norm_returns)\n",
    "sigma = size(T_norm_2,1)*transpose(T_norm_2)*T_norm_2"
   ]
  },
  {
   "cell_type": "markdown",
   "metadata": {},
   "source": [
    "--------------\n",
    "**(11) The file *indices-july2016.csv* contains the January 2016 - July 2016 end of day values of nine major US indices.**\n",
    "\n",
    "**(i) Compute the sample covariance matrix of the daily percentage returns of the indices, and the corresponding sample correlation matrix. Compute the sample covariance and correlation matrices for daily log returns, and compare them with the corresponding matrices for daily percentage returns.**"
   ]
  },
  {
   "cell_type": "markdown",
   "metadata": {},
   "source": [
    "The covariance matrix is calculated using the process described in problem 10. "
   ]
  },
  {
   "cell_type": "code",
   "execution_count": 98,
   "metadata": {},
   "outputs": [
    {
     "name": "stdout",
     "output_type": "stream",
     "text": [
      "9×9 DataArrays.DataArray{Float64,2}:\n",
      " 11.141    5.09347  10.9481   7.9007   7.81016  10.474    4.10859  6.15085  6.11595\n",
      "  5.09347  6.10928   5.67271  4.38973  4.29132   5.50456  4.42736  3.48702  3.3516 \n",
      " 10.9481   5.67271  12.0995   8.45402  8.34689  11.2926   4.72256  6.50711  6.51138\n",
      "  7.9007   4.38973   8.45402  7.37405  6.12449   8.72175  3.65295  5.00749  4.83638\n",
      "  7.81016  4.29132   8.34689  6.12449  6.67676   8.09324  3.43315  5.08592  4.82634\n",
      " 10.474    5.50456  11.2926   8.72175  8.09324  12.3576   4.6782   6.52446  6.38642\n",
      "  4.10859  4.42736   4.72256  3.65295  3.43315   4.6782   3.98097  2.89125  2.81051\n",
      "  6.15085  3.48702   6.50711  5.00749  5.08592   6.52446  2.89125  4.6497   4.08472\n",
      "  6.11595  3.3516    6.51138  4.83638  4.82634   6.38642  2.81051  4.08472  4.66212"
     ]
    }
   ],
   "source": [
    "index_data = readtable(\"indices-july2016.csv\");\n",
    "dfmt = Dates.DateFormat(\"m/d/y\")\n",
    "index_data[:Date] = Date(index_data[:Date], dfmt)\n",
    "\n",
    "daily_returns = hcat(diff(index_data[:BAC])./index_data[2:end,:BAC], \n",
    "                 diff(index_data[:BNS])./index_data[2:end,:BNS],\n",
    "                 diff(index_data[:C])./index_data[2:end,:C],\n",
    "                 diff(index_data[:GS])./index_data[2:end,:GS],\n",
    "                 diff(index_data[:JPM])./index_data[2:end,:JPM],\n",
    "                 diff(index_data[:MS])./index_data[2:end,:MS],\n",
    "                 diff(index_data[:TD])./index_data[2:end,:TD],\n",
    "                 diff(index_data[:USB])./index_data[2:end,:USB],\n",
    "                 diff(index_data[:WFC])./index_data[2:end,:WFC]);\n",
    "T_norm = hcat(daily_returns[:,1]-mean(daily_returns[:,1]), \n",
    "              daily_returns[:,2]-mean(daily_returns[:,2]),\n",
    "              daily_returns[:,3]-mean(daily_returns[:,3]),\n",
    "              daily_returns[:,4]-mean(daily_returns[:,4]),\n",
    "              daily_returns[:,5]-mean(daily_returns[:,5]),\n",
    "              daily_returns[:,6]-mean(daily_returns[:,6]),\n",
    "              daily_returns[:,7]-mean(daily_returns[:,7]),\n",
    "              daily_returns[:,8]-mean(daily_returns[:,8]),\n",
    "              daily_returns[:,9]-mean(daily_returns[:,9]));\n",
    "sigma = size(T_norm,1)*transpose(T_norm)*T_norm\n",
    "show(IOContext(STDOUT), \"text/plain\", sigma)"
   ]
  },
  {
   "cell_type": "markdown",
   "metadata": {},
   "source": [
    "The correlation matrix is then calculated as $$\\Omega = (D_{\\sigma})^{-1}\\Sigma(D_{\\sigma})^{-1}$$ \n",
    "where $D_{\\sigma}$ is the diagonal matrix with diagonal values equivalent to the standard deviations of each random variable $X_{i}$   "
   ]
  },
  {
   "cell_type": "code",
   "execution_count": 99,
   "metadata": {},
   "outputs": [
    {
     "name": "stdout",
     "output_type": "stream",
     "text": [
      "9×9 DataArrays.DataArray{Float64,2}:\n",
      " 1.0       0.617387  0.942957  0.871668  0.905556  0.892651  0.616932  0.854597  0.848616\n",
      " 0.617387  1.0       0.6598    0.654019  0.671912  0.633519  0.897749  0.654255  0.628009\n",
      " 0.942957  0.6598    1.0       0.895007  0.928662  0.923515  0.680455  0.867544  0.866956\n",
      " 0.871668  0.654019  0.895007  1.0       0.872839  0.913656  0.674212  0.855174  0.824851\n",
      " 0.905556  0.671912  0.928662  0.872839  1.0       0.890988  0.665909  0.912797  0.865054\n",
      " 0.892651  0.633519  0.923515  0.913656  0.890988  1.0       0.666985  0.860725  0.841391\n",
      " 0.616932  0.897749  0.680455  0.674212  0.665909  0.666985  1.0       0.672014  0.652378\n",
      " 0.854597  0.654255  0.867544  0.855174  0.912797  0.860725  0.672014  1.0       0.87732 \n",
      " 0.848616  0.628009  0.866956  0.824851  0.865054  0.841391  0.652378  0.87732   1.0     "
     ]
    }
   ],
   "source": [
    "d_sigma_inverse = inv(Diagonal([sqrt(sigma[1,1]); \n",
    "                                sqrt(sigma[2,2]);\n",
    "                                sqrt(sigma[3,3]);\n",
    "                                sqrt(sigma[4,4]);\n",
    "                                sqrt(sigma[5,5]);\n",
    "                                sqrt(sigma[6,6]);\n",
    "                                sqrt(sigma[7,7]);\n",
    "                                sqrt(sigma[8,8]);\n",
    "                                sqrt(sigma[9,9])]))\n",
    "omega = d_sigma_inverse*sigma*d_sigma_inverse\n",
    "show(IOContext(STDOUT), \"text/plain\", omega)"
   ]
  },
  {
   "cell_type": "markdown",
   "metadata": {},
   "source": [
    "For log returns, the process is the same, as shown below the figures do not differ much from those obtained with percentage returns as it is expected for small periods of time."
   ]
  },
  {
   "cell_type": "code",
   "execution_count": 100,
   "metadata": {},
   "outputs": [
    {
     "name": "stdout",
     "output_type": "stream",
     "text": [
      "9×9 DataArrays.DataArray{Float64,2}:\n",
      " 11.0219   5.07725  10.8214   7.80128  7.77423  10.3331   4.06894  6.08914  6.09098\n",
      "  5.07725  6.16816   5.65022  4.37001  4.30747   5.47519  4.44102  3.48281  3.35734\n",
      " 10.8214   5.65022  11.94     8.33007  8.29818  11.1098   4.66081  6.43149  6.46893\n",
      "  7.80128  4.37001   8.33007  7.28173  6.08043   8.5852   3.61577  4.95274  4.8002 \n",
      "  7.77423  4.30747   8.29818  6.08043  6.69005   8.02143  3.4257   5.0613   4.82962\n",
      " 10.3331   5.47519  11.1098   8.5852   8.02143  12.1466   4.62175  6.44351  6.33143\n",
      "  4.06894  4.44102   4.66081  3.61577  3.4257    4.62175  3.97594  2.87414  2.79597\n",
      "  6.08914  3.48281   6.43149  4.95274  5.0613    6.44351  2.87414  4.61325  4.06988\n",
      "  6.09098  3.35734   6.46893  4.8002   4.82962   6.33143  2.79597  4.06988  4.65477"
     ]
    }
   ],
   "source": [
    "daily_log_returns = hcat(diff(log(index_data[:BAC])), diff(log(index_data[:BNS])),\n",
    "    diff(log(index_data[:C])), diff(log(index_data[:GS])),\n",
    "    diff(log(index_data[:JPM])), diff(log(index_data[:MS])),\n",
    "    diff(log(index_data[:TD])), diff(log(index_data[:USB])), diff(log(index_data[:WFC])));\n",
    "T_norm_2 = hcat(daily_log_returns[:,1]-mean(daily_log_returns[:,1]), \n",
    "              daily_log_returns[:,2]-mean(daily_log_returns[:,2]),\n",
    "              daily_log_returns[:,3]-mean(daily_log_returns[:,3]),\n",
    "              daily_log_returns[:,4]-mean(daily_log_returns[:,4]),\n",
    "              daily_log_returns[:,5]-mean(daily_log_returns[:,5]),\n",
    "              daily_log_returns[:,6]-mean(daily_log_returns[:,6]),\n",
    "              daily_log_returns[:,7]-mean(daily_log_returns[:,7]),\n",
    "              daily_log_returns[:,8]-mean(daily_log_returns[:,8]),\n",
    "              daily_log_returns[:,9]-mean(daily_log_returns[:,9]));\n",
    "sigma_2 = size(T_norm_2,1)*transpose(T_norm_2)*T_norm_2\n",
    "show(IOContext(STDOUT), \"text/plain\", sigma_2)"
   ]
  },
  {
   "cell_type": "code",
   "execution_count": 102,
   "metadata": {},
   "outputs": [
    {
     "name": "stdout",
     "output_type": "stream",
     "text": [
      "9×9 DataArrays.DataArray{Float64,2}:\n",
      " 1.0       0.615775  0.943308  0.870803  0.905344  0.893048  0.614656  0.853932  0.850373\n",
      " 0.615775  1.0       0.658394  0.65206   0.670548  0.632548  0.896778  0.652902  0.626568\n",
      " 0.943308  0.658394  1.0       0.893366  0.928466  0.922524  0.676455  0.866574  0.867723\n",
      " 0.870803  0.65206   0.893366  1.0       0.871169  0.912862  0.671991  0.854523  0.824505\n",
      " 0.905344  0.670548  0.928466  0.871169  1.0       0.889834  0.664224  0.911052  0.865464\n",
      " 0.893048  0.632548  0.922524  0.912862  0.889834  1.0       0.665056  0.860777  0.842024\n",
      " 0.614656  0.896778  0.676455  0.671991  0.664224  0.665056  1.0       0.671095  0.649924\n",
      " 0.853932  0.652902  0.866574  0.854523  0.911052  0.860777  0.671095  1.0       0.878271\n",
      " 0.850373  0.626568  0.867723  0.824505  0.865464  0.842024  0.649924  0.878271  1.0     "
     ]
    }
   ],
   "source": [
    "d_sigma_inverse_2 = inv(Diagonal([sqrt(sigma_2[1,1]); \n",
    "                                sqrt(sigma_2[2,2]);\n",
    "                                sqrt(sigma_2[3,3]);\n",
    "                                sqrt(sigma_2[4,4]);\n",
    "                                sqrt(sigma_2[5,5]);\n",
    "                                sqrt(sigma_2[6,6]);\n",
    "                                sqrt(sigma_2[7,7]);\n",
    "                                sqrt(sigma_2[8,8]);\n",
    "                                sqrt(sigma_2[9,9])]))\n",
    "omega_2 = d_sigma_inverse_2*sigma_2*d_sigma_inverse_2\n",
    "show(IOContext(STDOUT), \"text/plain\", omega_2)"
   ]
  },
  {
   "cell_type": "markdown",
   "metadata": {},
   "source": [
    "**(ii) Compute the sample covariance matrix of the weekly percentage returns of the indices, and the corresponding sample correlation matrix. Compute the sample covariance and correlation matrices for weekly log returns, and compare them with the corresponding matrices for weekly percentage returns.**"
   ]
  },
  {
   "cell_type": "code",
   "execution_count": 105,
   "metadata": {},
   "outputs": [
    {
     "data": {
      "text/plain": [
       "30x36 TimeSeries.TimeArray{Float64,2,Date,Array{Float64,2}} 2016-01-04 to 2016-07-25\n",
       "│            │ BAC.Open │ BAC.High │ BAC.Low │ BAC.Close │ BNS.Open │ BNS.High │\n",
       "├────────────┼──────────┼──────────┼─────────┼───────────┼──────────┼──────────┤\n",
       "│ 2016-01-04 │ 16.1768  │ 38.1836  │ 50.5166 │ 174.4288  │ 61.87    │ 30.5877  │\n",
